2020/08/16-14:43:17.915267 7f90fb7aeac0 RocksDB version: 6.9.0
2020/08/16-14:43:17.915419 7f90fb7aeac0 Git sha rocksdb_build_git_sha:d9cad3a5269dd244cf5e60fd1d6d64c523d02043
2020/08/16-14:43:17.915430 7f90fb7aeac0 Compile date Apr 14 2020
2020/08/16-14:43:17.915438 7f90fb7aeac0 DB SUMMARY
2020/08/16-14:43:17.915610 7f90fb7aeac0 CURRENT file:  CURRENT
2020/08/16-14:43:17.915619 7f90fb7aeac0 IDENTITY file:  IDENTITY
2020/08/16-14:43:17.915634 7f90fb7aeac0 MANIFEST file:  MANIFEST-000047 size: 213 Bytes
2020/08/16-14:43:17.915644 7f90fb7aeac0 SST files in ../UserBehaviorLSMGroup dir, Total Num: 0, files: 
2020/08/16-14:43:17.915650 7f90fb7aeac0 Write Ahead Log file in ../UserBehaviorLSMGroup: 000048.log size: 9818925 ; 
2020/08/16-14:43:17.915658 7f90fb7aeac0                         Options.error_if_exists: 0
2020/08/16-14:43:17.915663 7f90fb7aeac0                       Options.create_if_missing: 1
2020/08/16-14:43:17.915667 7f90fb7aeac0                         Options.paranoid_checks: 1
2020/08/16-14:43:17.915672 7f90fb7aeac0                                     Options.env: 0x7f90fb386540
2020/08/16-14:43:17.915678 7f90fb7aeac0                                      Options.fs: Posix File System
2020/08/16-14:43:17.915682 7f90fb7aeac0                                Options.info_log: 0x5631eca54470
2020/08/16-14:43:17.915687 7f90fb7aeac0                Options.max_file_opening_threads: 16
2020/08/16-14:43:17.915692 7f90fb7aeac0                              Options.statistics: (nil)
2020/08/16-14:43:17.915697 7f90fb7aeac0                               Options.use_fsync: 0
2020/08/16-14:43:17.915701 7f90fb7aeac0                       Options.max_log_file_size: 0
2020/08/16-14:43:17.915706 7f90fb7aeac0                  Options.max_manifest_file_size: 1073741824
2020/08/16-14:43:17.915710 7f90fb7aeac0                   Options.log_file_time_to_roll: 0
2020/08/16-14:43:17.915715 7f90fb7aeac0                       Options.keep_log_file_num: 1000
2020/08/16-14:43:17.915720 7f90fb7aeac0                    Options.recycle_log_file_num: 0
2020/08/16-14:43:17.915724 7f90fb7aeac0                         Options.allow_fallocate: 1
2020/08/16-14:43:17.915729 7f90fb7aeac0                        Options.allow_mmap_reads: 0
2020/08/16-14:43:17.915733 7f90fb7aeac0                       Options.allow_mmap_writes: 0
2020/08/16-14:43:17.915737 7f90fb7aeac0                        Options.use_direct_reads: 0
2020/08/16-14:43:17.915742 7f90fb7aeac0                        Options.use_direct_io_for_flush_and_compaction: 0
2020/08/16-14:43:17.915746 7f90fb7aeac0          Options.create_missing_column_families: 0
2020/08/16-14:43:17.915750 7f90fb7aeac0                              Options.db_log_dir: 
2020/08/16-14:43:17.915755 7f90fb7aeac0                                 Options.wal_dir: ../UserBehaviorLSMGroup
2020/08/16-14:43:17.915759 7f90fb7aeac0                Options.table_cache_numshardbits: 6
2020/08/16-14:43:17.915764 7f90fb7aeac0                      Options.max_subcompactions: 1
2020/08/16-14:43:17.915768 7f90fb7aeac0                  Options.max_background_flushes: -1
2020/08/16-14:43:17.915773 7f90fb7aeac0                         Options.WAL_ttl_seconds: 0
2020/08/16-14:43:17.915778 7f90fb7aeac0                       Options.WAL_size_limit_MB: 0
2020/08/16-14:43:17.915782 7f90fb7aeac0                        Options.max_write_batch_group_size_bytes: 1048576
2020/08/16-14:43:17.915787 7f90fb7aeac0             Options.manifest_preallocation_size: 4194304
2020/08/16-14:43:17.915791 7f90fb7aeac0                     Options.is_fd_close_on_exec: 1
2020/08/16-14:43:17.915796 7f90fb7aeac0                   Options.advise_random_on_open: 1
2020/08/16-14:43:17.915800 7f90fb7aeac0                    Options.db_write_buffer_size: 0
2020/08/16-14:43:17.915804 7f90fb7aeac0                    Options.write_buffer_manager: 0x5631ec984e20
2020/08/16-14:43:17.915809 7f90fb7aeac0         Options.access_hint_on_compaction_start: 1
2020/08/16-14:43:17.915813 7f90fb7aeac0  Options.new_table_reader_for_compaction_inputs: 0
2020/08/16-14:43:17.915817 7f90fb7aeac0           Options.random_access_max_buffer_size: 1048576
2020/08/16-14:43:17.915822 7f90fb7aeac0                      Options.use_adaptive_mutex: 0
2020/08/16-14:43:17.915862 7f90fb7aeac0                            Options.rate_limiter: (nil)
2020/08/16-14:43:17.915869 7f90fb7aeac0     Options.sst_file_manager.rate_bytes_per_sec: 0
2020/08/16-14:43:17.915874 7f90fb7aeac0                       Options.wal_recovery_mode: 2
2020/08/16-14:43:17.915878 7f90fb7aeac0                  Options.enable_thread_tracking: 0
2020/08/16-14:43:17.915882 7f90fb7aeac0                  Options.enable_pipelined_write: 0
2020/08/16-14:43:17.915886 7f90fb7aeac0                  Options.unordered_write: 0
2020/08/16-14:43:17.915891 7f90fb7aeac0         Options.allow_concurrent_memtable_write: 1
2020/08/16-14:43:17.915895 7f90fb7aeac0      Options.enable_write_thread_adaptive_yield: 1
2020/08/16-14:43:17.915899 7f90fb7aeac0             Options.write_thread_max_yield_usec: 100
2020/08/16-14:43:17.915904 7f90fb7aeac0            Options.write_thread_slow_yield_usec: 3
2020/08/16-14:43:17.915908 7f90fb7aeac0                               Options.row_cache: None
2020/08/16-14:43:17.915913 7f90fb7aeac0                              Options.wal_filter: None
2020/08/16-14:43:17.915917 7f90fb7aeac0             Options.avoid_flush_during_recovery: 0
2020/08/16-14:43:17.915922 7f90fb7aeac0             Options.allow_ingest_behind: 0
2020/08/16-14:43:17.915926 7f90fb7aeac0             Options.preserve_deletes: 0
2020/08/16-14:43:17.915930 7f90fb7aeac0             Options.two_write_queues: 0
2020/08/16-14:43:17.915934 7f90fb7aeac0             Options.manual_wal_flush: 0
2020/08/16-14:43:17.915939 7f90fb7aeac0             Options.atomic_flush: 0
2020/08/16-14:43:17.915943 7f90fb7aeac0             Options.avoid_unnecessary_blocking_io: 0
2020/08/16-14:43:17.915947 7f90fb7aeac0                 Options.persist_stats_to_disk: 0
2020/08/16-14:43:17.915951 7f90fb7aeac0                 Options.write_dbid_to_manifest: 0
2020/08/16-14:43:17.915956 7f90fb7aeac0                 Options.log_readahead_size: 0
2020/08/16-14:43:17.915961 7f90fb7aeac0                 Options.file_checksum_gen_factory: Unknown
2020/08/16-14:43:17.915965 7f90fb7aeac0                 Options.best_efforts_recovery: 0
2020/08/16-14:43:17.915970 7f90fb7aeac0             Options.max_background_jobs: 16
2020/08/16-14:43:17.915974 7f90fb7aeac0             Options.max_background_compactions: -1
2020/08/16-14:43:17.915979 7f90fb7aeac0             Options.avoid_flush_during_shutdown: 0
2020/08/16-14:43:17.915983 7f90fb7aeac0           Options.writable_file_max_buffer_size: 1048576
2020/08/16-14:43:17.915988 7f90fb7aeac0             Options.delayed_write_rate : 16777216
2020/08/16-14:43:17.915992 7f90fb7aeac0             Options.max_total_wal_size: 0
2020/08/16-14:43:17.915997 7f90fb7aeac0             Options.delete_obsolete_files_period_micros: 21600000000
2020/08/16-14:43:17.916001 7f90fb7aeac0                   Options.stats_dump_period_sec: 600
2020/08/16-14:43:17.916006 7f90fb7aeac0                 Options.stats_persist_period_sec: 600
2020/08/16-14:43:17.916010 7f90fb7aeac0                 Options.stats_history_buffer_size: 1048576
2020/08/16-14:43:17.916015 7f90fb7aeac0                          Options.max_open_files: -1
2020/08/16-14:43:17.916019 7f90fb7aeac0                          Options.bytes_per_sync: 0
2020/08/16-14:43:17.916023 7f90fb7aeac0                      Options.wal_bytes_per_sync: 0
2020/08/16-14:43:17.916028 7f90fb7aeac0                   Options.strict_bytes_per_sync: 0
2020/08/16-14:43:17.916032 7f90fb7aeac0       Options.compaction_readahead_size: 0
2020/08/16-14:43:17.916037 7f90fb7aeac0 Compression algorithms supported:
2020/08/16-14:43:17.916041 7f90fb7aeac0 	kZSTDNotFinalCompression supported: 0
2020/08/16-14:43:17.916047 7f90fb7aeac0 	kZSTD supported: 0
2020/08/16-14:43:17.916052 7f90fb7aeac0 	kXpressCompression supported: 0
2020/08/16-14:43:17.916057 7f90fb7aeac0 	kLZ4HCCompression supported: 0
2020/08/16-14:43:17.916061 7f90fb7aeac0 	kLZ4Compression supported: 0
2020/08/16-14:43:17.916066 7f90fb7aeac0 	kBZip2Compression supported: 1
2020/08/16-14:43:17.916071 7f90fb7aeac0 	kZlibCompression supported: 1
2020/08/16-14:43:17.916097 7f90fb7aeac0 	kSnappyCompression supported: 1
2020/08/16-14:43:17.916108 7f90fb7aeac0 Fast CRC32 supported: Supported on x86
2020/08/16-14:43:17.916324 7f90fb7aeac0 [/version_set.cc:4456] Recovering from manifest file: ../UserBehaviorLSMGroup/MANIFEST-000047
2020/08/16-14:43:17.916723 7f90fb7aeac0 [/column_family.cc:579] --------------- Options for column family [default]:
2020/08/16-14:43:17.916735 7f90fb7aeac0               Options.comparator: leveldb.BytewiseComparator
2020/08/16-14:43:17.916740 7f90fb7aeac0           Options.merge_operator: None
2020/08/16-14:43:17.916745 7f90fb7aeac0        Options.compaction_filter: None
2020/08/16-14:43:17.916750 7f90fb7aeac0        Options.compaction_filter_factory: None
2020/08/16-14:43:17.916754 7f90fb7aeac0         Options.memtable_factory: SkipListFactory
2020/08/16-14:43:17.916759 7f90fb7aeac0            Options.table_factory: BlockBasedTable
2020/08/16-14:43:17.916849 7f90fb7aeac0            table_factory options:   flush_block_policy_factory: FlushBlockBySizePolicyFactory (0x5631eca58b90)
  cache_index_and_filter_blocks: 0
  cache_index_and_filter_blocks_with_high_priority: 1
  pin_l0_filter_and_index_blocks_in_cache: 0
  pin_top_level_index_and_filter: 1
  index_type: 0
  data_block_index_type: 0
  index_shortening: 1
  data_block_hash_table_util_ratio: 0.750000
  hash_index_allow_collision: 1
  checksum: 1
  no_block_cache: 0
  block_cache: 0x5631ec88e270
  block_cache_name: LRUCache
  block_cache_options:
    capacity : 8388608
    num_shard_bits : 4
    strict_capacity_limit : 0
    memory_allocator : None
    high_pri_pool_ratio: 0.000
  block_cache_compressed: (nil)
  persistent_cache: (nil)
  block_size: 4096
  block_size_deviation: 10
  block_restart_interval: 16
  index_block_restart_interval: 1
  metadata_block_size: 4096
  partition_filters: 0
  use_delta_encoding: 1
  filter_policy: nullptr
  whole_key_filtering: 1
  verify_compression: 0
  read_amp_bytes_per_bit: 0
  format_version: 4
  enable_index_compression: 1
  block_align: 0
2020/08/16-14:43:17.916856 7f90fb7aeac0        Options.write_buffer_size: 134217728
2020/08/16-14:43:17.916860 7f90fb7aeac0  Options.max_write_buffer_number: 6
2020/08/16-14:43:17.916866 7f90fb7aeac0        Options.compression[0]: NoCompression
2020/08/16-14:43:17.916871 7f90fb7aeac0        Options.compression[1]: NoCompression
2020/08/16-14:43:17.916876 7f90fb7aeac0        Options.compression[2]: Snappy
2020/08/16-14:43:17.916880 7f90fb7aeac0        Options.compression[3]: Snappy
2020/08/16-14:43:17.916885 7f90fb7aeac0        Options.compression[4]: Snappy
2020/08/16-14:43:17.916889 7f90fb7aeac0        Options.compression[5]: Snappy
2020/08/16-14:43:17.916893 7f90fb7aeac0        Options.compression[6]: Snappy
2020/08/16-14:43:17.916898 7f90fb7aeac0                  Options.bottommost_compression: Disabled
2020/08/16-14:43:17.916903 7f90fb7aeac0       Options.prefix_extractor: nullptr
2020/08/16-14:43:17.916907 7f90fb7aeac0   Options.memtable_insert_with_hint_prefix_extractor: nullptr
2020/08/16-14:43:17.916912 7f90fb7aeac0             Options.num_levels: 7
2020/08/16-14:43:17.916916 7f90fb7aeac0        Options.min_write_buffer_number_to_merge: 2
2020/08/16-14:43:17.916921 7f90fb7aeac0     Options.max_write_buffer_number_to_maintain: 0
2020/08/16-14:43:17.916925 7f90fb7aeac0     Options.max_write_buffer_size_to_maintain: 0
2020/08/16-14:43:17.916930 7f90fb7aeac0            Options.bottommost_compression_opts.window_bits: -14
2020/08/16-14:43:17.916935 7f90fb7aeac0                  Options.bottommost_compression_opts.level: 32767
2020/08/16-14:43:17.916939 7f90fb7aeac0               Options.bottommost_compression_opts.strategy: 0
2020/08/16-14:43:17.916944 7f90fb7aeac0         Options.bottommost_compression_opts.max_dict_bytes: 0
2020/08/16-14:43:17.916948 7f90fb7aeac0         Options.bottommost_compression_opts.zstd_max_train_bytes: 0
2020/08/16-14:43:17.916953 7f90fb7aeac0         Options.bottommost_compression_opts.parallel_threads: 1
2020/08/16-14:43:17.916957 7f90fb7aeac0                  Options.bottommost_compression_opts.enabled: false
2020/08/16-14:43:17.917006 7f90fb7aeac0            Options.compression_opts.window_bits: -14
2020/08/16-14:43:17.917012 7f90fb7aeac0                  Options.compression_opts.level: 32767
2020/08/16-14:43:17.917017 7f90fb7aeac0               Options.compression_opts.strategy: 0
2020/08/16-14:43:17.917021 7f90fb7aeac0         Options.compression_opts.max_dict_bytes: 0
2020/08/16-14:43:17.917026 7f90fb7aeac0         Options.compression_opts.zstd_max_train_bytes: 0
2020/08/16-14:43:17.917030 7f90fb7aeac0         Options.compression_opts.parallel_threads: 1
2020/08/16-14:43:17.917034 7f90fb7aeac0                  Options.compression_opts.enabled: false
2020/08/16-14:43:17.917039 7f90fb7aeac0      Options.level0_file_num_compaction_trigger: 2
2020/08/16-14:43:17.917044 7f90fb7aeac0          Options.level0_slowdown_writes_trigger: 20
2020/08/16-14:43:17.917048 7f90fb7aeac0              Options.level0_stop_writes_trigger: 36
2020/08/16-14:43:17.917052 7f90fb7aeac0                   Options.target_file_size_base: 67108864
2020/08/16-14:43:17.917057 7f90fb7aeac0             Options.target_file_size_multiplier: 1
2020/08/16-14:43:17.917061 7f90fb7aeac0                Options.max_bytes_for_level_base: 536870912
2020/08/16-14:43:17.917066 7f90fb7aeac0 Options.level_compaction_dynamic_level_bytes: 0
2020/08/16-14:43:17.917070 7f90fb7aeac0          Options.max_bytes_for_level_multiplier: 10.000000
2020/08/16-14:43:17.917080 7f90fb7aeac0 Options.max_bytes_for_level_multiplier_addtl[0]: 1
2020/08/16-14:43:17.917088 7f90fb7aeac0 Options.max_bytes_for_level_multiplier_addtl[1]: 1
2020/08/16-14:43:17.917096 7f90fb7aeac0 Options.max_bytes_for_level_multiplier_addtl[2]: 1
2020/08/16-14:43:17.917103 7f90fb7aeac0 Options.max_bytes_for_level_multiplier_addtl[3]: 1
2020/08/16-14:43:17.917110 7f90fb7aeac0 Options.max_bytes_for_level_multiplier_addtl[4]: 1
2020/08/16-14:43:17.917118 7f90fb7aeac0 Options.max_bytes_for_level_multiplier_addtl[5]: 1
2020/08/16-14:43:17.917128 7f90fb7aeac0 Options.max_bytes_for_level_multiplier_addtl[6]: 1
2020/08/16-14:43:17.917133 7f90fb7aeac0       Options.max_sequential_skip_in_iterations: 8
2020/08/16-14:43:17.917137 7f90fb7aeac0                    Options.max_compaction_bytes: 1677721600
2020/08/16-14:43:17.917142 7f90fb7aeac0                        Options.arena_block_size: 16777216
2020/08/16-14:43:17.917146 7f90fb7aeac0   Options.soft_pending_compaction_bytes_limit: 68719476736
2020/08/16-14:43:17.917151 7f90fb7aeac0   Options.hard_pending_compaction_bytes_limit: 274877906944
2020/08/16-14:43:17.917156 7f90fb7aeac0       Options.rate_limit_delay_max_milliseconds: 100
2020/08/16-14:43:17.917160 7f90fb7aeac0                Options.disable_auto_compactions: 0
2020/08/16-14:43:17.917166 7f90fb7aeac0                        Options.compaction_style: kCompactionStyleLevel
2020/08/16-14:43:17.917172 7f90fb7aeac0                          Options.compaction_pri: kMinOverlappingRatio
2020/08/16-14:43:17.917176 7f90fb7aeac0 Options.compaction_options_universal.size_ratio: 1
2020/08/16-14:43:17.917181 7f90fb7aeac0 Options.compaction_options_universal.min_merge_width: 2
2020/08/16-14:43:17.917185 7f90fb7aeac0 Options.compaction_options_universal.max_merge_width: 4294967295
2020/08/16-14:43:17.917190 7f90fb7aeac0 Options.compaction_options_universal.max_size_amplification_percent: 200
2020/08/16-14:43:17.917194 7f90fb7aeac0 Options.compaction_options_universal.compression_size_percent: -1
2020/08/16-14:43:17.917201 7f90fb7aeac0 Options.compaction_options_universal.stop_style: kCompactionStopStyleTotalSize
2020/08/16-14:43:17.917206 7f90fb7aeac0 Options.compaction_options_fifo.max_table_files_size: 1073741824
2020/08/16-14:43:17.917210 7f90fb7aeac0 Options.compaction_options_fifo.allow_compaction: 0
2020/08/16-14:43:17.917215 7f90fb7aeac0                   Options.table_properties_collectors: 
2020/08/16-14:43:17.917219 7f90fb7aeac0                   Options.inplace_update_support: 0
2020/08/16-14:43:17.917224 7f90fb7aeac0                 Options.inplace_update_num_locks: 10000
2020/08/16-14:43:17.917255 7f90fb7aeac0               Options.memtable_prefix_bloom_size_ratio: 0.000000
2020/08/16-14:43:17.917262 7f90fb7aeac0               Options.memtable_whole_key_filtering: 0
2020/08/16-14:43:17.917267 7f90fb7aeac0   Options.memtable_huge_page_size: 0
2020/08/16-14:43:17.917272 7f90fb7aeac0                           Options.bloom_locality: 0
2020/08/16-14:43:17.917277 7f90fb7aeac0                    Options.max_successive_merges: 0
2020/08/16-14:43:17.917284 7f90fb7aeac0                Options.optimize_filters_for_hits: 0
2020/08/16-14:43:17.917290 7f90fb7aeac0                Options.paranoid_file_checks: 0
2020/08/16-14:43:17.917298 7f90fb7aeac0                Options.force_consistency_checks: 0
2020/08/16-14:43:17.917305 7f90fb7aeac0                Options.report_bg_io_stats: 0
2020/08/16-14:43:17.917314 7f90fb7aeac0                               Options.ttl: 2592000
2020/08/16-14:43:17.917321 7f90fb7aeac0          Options.periodic_compaction_seconds: 0
2020/08/16-14:43:17.919758 7f90fb7aeac0 [/version_set.cc:4609] Recovered from manifest file:../UserBehaviorLSMGroup/MANIFEST-000047 succeeded,manifest_file_number is 47, next_file_number is 58, last_sequence is 1000000, log_number is 38,prev_log_number is 0,max_column_family is 10,min_log_number_to_keep is 0
2020/08/16-14:43:17.919793 7f90fb7aeac0 [/version_set.cc:4618] Column family [default] (ID 0), log number is 38
2020/08/16-14:43:17.920233 7f90fb7aeac0 EVENT_LOG_v1 {"time_micros": 1597560197920219, "job": 1, "event": "recovery_started", "log_files": [48]}
2020/08/16-14:43:17.920256 7f90fb7aeac0 [/db_impl/db_impl_open.cc:771] Recovering log #48 mode 2
2020/08/16-14:43:17.972936 7f90fb7aeac0 [/version_set.cc:3861] Creating manifest 58
2020/08/16-14:43:18.058005 7f90fb7aeac0 EVENT_LOG_v1 {"time_micros": 1597560198057991, "job": 1, "event": "recovery_finished"}
2020/08/16-14:43:18.116601 7f90fb7aeac0 DB pointer 0x5631eca62f40
2020/08/16-14:43:18.117275 7f907b7fe700 [/db_impl/db_impl.cc:854] ------- DUMPING STATS -------
2020/08/16-14:43:18.117386 7f907b7fe700 [/db_impl/db_impl.cc:855] 
** DB Stats **
Uptime(secs): 0.2 total, 0.2 interval
Cumulative writes: 0 writes, 0 keys, 0 commit groups, 0.0 writes per commit group, ingest: 0.00 GB, 0.00 MB/s
Cumulative WAL: 0 writes, 0 syncs, 0.00 writes per sync, written: 0.00 GB, 0.00 MB/s
Cumulative stall: 00:00:0.000 H:M:S, 0.0 percent
Interval writes: 0 writes, 0 keys, 0 commit groups, 0.0 writes per commit group, ingest: 0.00 MB, 0.00 MB/s
Interval WAL: 0 writes, 0 syncs, 0.00 writes per sync, written: 0.00 MB, 0.00 MB/s
Interval stall: 00:00:0.000 H:M:S, 0.0 percent

** Compaction Stats [default] **
Level    Files   Size     Score Read(GB)  Rn(GB) Rnp1(GB) Write(GB) Wnew(GB) Moved(GB) W-Amp Rd(MB/s) Wr(MB/s) Comp(sec) CompMergeCPU(sec) Comp(cnt) Avg(sec) KeyIn KeyDrop
----------------------------------------------------------------------------------------------------------------------------------------------------------------------------
 Sum      0/0    0.00 KB   0.0      0.0     0.0      0.0       0.0      0.0       0.0   0.0      0.0      0.0      0.00              0.00         0    0.000       0      0
 Int      0/0    0.00 KB   0.0      0.0     0.0      0.0       0.0      0.0       0.0   0.0      0.0      0.0      0.00              0.00         0    0.000       0      0

** Compaction Stats [default] **
Priority    Files   Size     Score Read(GB)  Rn(GB) Rnp1(GB) Write(GB) Wnew(GB) Moved(GB) W-Amp Rd(MB/s) Wr(MB/s) Comp(sec) CompMergeCPU(sec) Comp(cnt) Avg(sec) KeyIn KeyDrop
-------------------------------------------------------------------------------------------------------------------------------------------------------------------------------
Uptime(secs): 0.2 total, 0.2 interval
Flush(GB): cumulative 0.000, interval 0.000
AddFile(GB): cumulative 0.000, interval 0.000
AddFile(Total Files): cumulative 0, interval 0
AddFile(L0 Files): cumulative 0, interval 0
AddFile(Keys): cumulative 0, interval 0
Cumulative compaction: 0.00 GB write, 0.00 MB/s write, 0.00 GB read, 0.00 MB/s read, 0.0 seconds
Interval compaction: 0.00 GB write, 0.00 MB/s write, 0.00 GB read, 0.00 MB/s read, 0.0 seconds
Stalls(count): 0 level0_slowdown, 0 level0_slowdown_with_compaction, 0 level0_numfiles, 0 level0_numfiles_with_compaction, 0 stop for pending_compaction_bytes, 0 slowdown for pending_compaction_bytes, 0 memtable_compaction, 0 memtable_slowdown, interval 0 total count

** File Read Latency Histogram By Level [default] **

** Compaction Stats [default] **
Level    Files   Size     Score Read(GB)  Rn(GB) Rnp1(GB) Write(GB) Wnew(GB) Moved(GB) W-Amp Rd(MB/s) Wr(MB/s) Comp(sec) CompMergeCPU(sec) Comp(cnt) Avg(sec) KeyIn KeyDrop
----------------------------------------------------------------------------------------------------------------------------------------------------------------------------
 Sum      0/0    0.00 KB   0.0      0.0     0.0      0.0       0.0      0.0       0.0   0.0      0.0      0.0      0.00              0.00         0    0.000       0      0
 Int      0/0    0.00 KB   0.0      0.0     0.0      0.0       0.0      0.0       0.0   0.0      0.0      0.0      0.00              0.00         0    0.000       0      0

** Compaction Stats [default] **
Priority    Files   Size     Score Read(GB)  Rn(GB) Rnp1(GB) Write(GB) Wnew(GB) Moved(GB) W-Amp Rd(MB/s) Wr(MB/s) Comp(sec) CompMergeCPU(sec) Comp(cnt) Avg(sec) KeyIn KeyDrop
-------------------------------------------------------------------------------------------------------------------------------------------------------------------------------
Uptime(secs): 0.2 total, 0.0 interval
Flush(GB): cumulative 0.000, interval 0.000
AddFile(GB): cumulative 0.000, interval 0.000
AddFile(Total Files): cumulative 0, interval 0
AddFile(L0 Files): cumulative 0, interval 0
AddFile(Keys): cumulative 0, interval 0
Cumulative compaction: 0.00 GB write, 0.00 MB/s write, 0.00 GB read, 0.00 MB/s read, 0.0 seconds
Interval compaction: 0.00 GB write, 0.00 MB/s write, 0.00 GB read, 0.00 MB/s read, 0.0 seconds
Stalls(count): 0 level0_slowdown, 0 level0_slowdown_with_compaction, 0 level0_numfiles, 0 level0_numfiles_with_compaction, 0 stop for pending_compaction_bytes, 0 slowdown for pending_compaction_bytes, 0 memtable_compaction, 0 memtable_slowdown, interval 0 total count

** File Read Latency Histogram By Level [default] **
2020/08/16-14:43:18.159714 7f90fb7aeac0 [/column_family.cc:579] --------------- Options for column family [main]:
2020/08/16-14:43:18.159740 7f90fb7aeac0               Options.comparator: leveldb.BytewiseComparator
2020/08/16-14:43:18.159746 7f90fb7aeac0           Options.merge_operator: None
2020/08/16-14:43:18.159751 7f90fb7aeac0        Options.compaction_filter: None
2020/08/16-14:43:18.159756 7f90fb7aeac0        Options.compaction_filter_factory: None
2020/08/16-14:43:18.159761 7f90fb7aeac0         Options.memtable_factory: SkipListFactory
2020/08/16-14:43:18.159765 7f90fb7aeac0            Options.table_factory: BlockBasedTable
2020/08/16-14:43:18.159876 7f90fb7aeac0            table_factory options:   flush_block_policy_factory: FlushBlockBySizePolicyFactory (0x5631eca67da0)
  cache_index_and_filter_blocks: 0
  cache_index_and_filter_blocks_with_high_priority: 1
  pin_l0_filter_and_index_blocks_in_cache: 0
  pin_top_level_index_and_filter: 1
  index_type: 0
  data_block_index_type: 0
  index_shortening: 1
  data_block_hash_table_util_ratio: 0.750000
  hash_index_allow_collision: 1
  checksum: 1
  no_block_cache: 0
  block_cache: 0x5631eca55810
  block_cache_name: LRUCache
  block_cache_options:
    capacity : 8388608
    num_shard_bits : 4
    strict_capacity_limit : 0
    memory_allocator : None
    high_pri_pool_ratio: 0.000
  block_cache_compressed: (nil)
  persistent_cache: (nil)
  block_size: 4096
  block_size_deviation: 10
  block_restart_interval: 16
  index_block_restart_interval: 1
  metadata_block_size: 4096
  partition_filters: 0
  use_delta_encoding: 1
  filter_policy: nullptr
  whole_key_filtering: 1
  verify_compression: 0
  read_amp_bytes_per_bit: 0
  format_version: 4
  enable_index_compression: 1
  block_align: 0
2020/08/16-14:43:18.159882 7f90fb7aeac0        Options.write_buffer_size: 67108864
2020/08/16-14:43:18.159887 7f90fb7aeac0  Options.max_write_buffer_number: 2
2020/08/16-14:43:18.159893 7f90fb7aeac0          Options.compression: Snappy
2020/08/16-14:43:18.159898 7f90fb7aeac0                  Options.bottommost_compression: Disabled
2020/08/16-14:43:18.159903 7f90fb7aeac0       Options.prefix_extractor: nullptr
2020/08/16-14:43:18.159907 7f90fb7aeac0   Options.memtable_insert_with_hint_prefix_extractor: nullptr
2020/08/16-14:43:18.159912 7f90fb7aeac0             Options.num_levels: 7
2020/08/16-14:43:18.159916 7f90fb7aeac0        Options.min_write_buffer_number_to_merge: 1
2020/08/16-14:43:18.159921 7f90fb7aeac0     Options.max_write_buffer_number_to_maintain: 0
2020/08/16-14:43:18.159925 7f90fb7aeac0     Options.max_write_buffer_size_to_maintain: 0
2020/08/16-14:43:18.159930 7f90fb7aeac0            Options.bottommost_compression_opts.window_bits: -14
2020/08/16-14:43:18.159935 7f90fb7aeac0                  Options.bottommost_compression_opts.level: 32767
2020/08/16-14:43:18.159942 7f90fb7aeac0               Options.bottommost_compression_opts.strategy: 0
2020/08/16-14:43:18.159950 7f90fb7aeac0         Options.bottommost_compression_opts.max_dict_bytes: 0
2020/08/16-14:43:18.159957 7f90fb7aeac0         Options.bottommost_compression_opts.zstd_max_train_bytes: 0
2020/08/16-14:43:18.159963 7f90fb7aeac0         Options.bottommost_compression_opts.parallel_threads: 1
2020/08/16-14:43:18.159968 7f90fb7aeac0                  Options.bottommost_compression_opts.enabled: false
2020/08/16-14:43:18.159973 7f90fb7aeac0            Options.compression_opts.window_bits: -14
2020/08/16-14:43:18.159977 7f90fb7aeac0                  Options.compression_opts.level: 32767
2020/08/16-14:43:18.159982 7f90fb7aeac0               Options.compression_opts.strategy: 0
2020/08/16-14:43:18.159986 7f90fb7aeac0         Options.compression_opts.max_dict_bytes: 0
2020/08/16-14:43:18.159990 7f90fb7aeac0         Options.compression_opts.zstd_max_train_bytes: 0
2020/08/16-14:43:18.159995 7f90fb7aeac0         Options.compression_opts.parallel_threads: 1
2020/08/16-14:43:18.159999 7f90fb7aeac0                  Options.compression_opts.enabled: false
2020/08/16-14:43:18.160003 7f90fb7aeac0      Options.level0_file_num_compaction_trigger: 4
2020/08/16-14:43:18.160044 7f90fb7aeac0          Options.level0_slowdown_writes_trigger: 20
2020/08/16-14:43:18.160050 7f90fb7aeac0              Options.level0_stop_writes_trigger: 36
2020/08/16-14:43:18.160054 7f90fb7aeac0                   Options.target_file_size_base: 67108864
2020/08/16-14:43:18.160059 7f90fb7aeac0             Options.target_file_size_multiplier: 1
2020/08/16-14:43:18.160064 7f90fb7aeac0                Options.max_bytes_for_level_base: 268435456
2020/08/16-14:43:18.160068 7f90fb7aeac0 Options.level_compaction_dynamic_level_bytes: 0
2020/08/16-14:43:18.160073 7f90fb7aeac0          Options.max_bytes_for_level_multiplier: 10.000000
2020/08/16-14:43:18.160081 7f90fb7aeac0 Options.max_bytes_for_level_multiplier_addtl[0]: 1
2020/08/16-14:43:18.160086 7f90fb7aeac0 Options.max_bytes_for_level_multiplier_addtl[1]: 1
2020/08/16-14:43:18.160091 7f90fb7aeac0 Options.max_bytes_for_level_multiplier_addtl[2]: 1
2020/08/16-14:43:18.160095 7f90fb7aeac0 Options.max_bytes_for_level_multiplier_addtl[3]: 1
2020/08/16-14:43:18.160100 7f90fb7aeac0 Options.max_bytes_for_level_multiplier_addtl[4]: 1
2020/08/16-14:43:18.160104 7f90fb7aeac0 Options.max_bytes_for_level_multiplier_addtl[5]: 1
2020/08/16-14:43:18.160108 7f90fb7aeac0 Options.max_bytes_for_level_multiplier_addtl[6]: 1
2020/08/16-14:43:18.160113 7f90fb7aeac0       Options.max_sequential_skip_in_iterations: 8
2020/08/16-14:43:18.160117 7f90fb7aeac0                    Options.max_compaction_bytes: 1677721600
2020/08/16-14:43:18.160122 7f90fb7aeac0                        Options.arena_block_size: 8388608
2020/08/16-14:43:18.160127 7f90fb7aeac0   Options.soft_pending_compaction_bytes_limit: 68719476736
2020/08/16-14:43:18.160151 7f90fb7aeac0   Options.hard_pending_compaction_bytes_limit: 274877906944
2020/08/16-14:43:18.160157 7f90fb7aeac0       Options.rate_limit_delay_max_milliseconds: 100
2020/08/16-14:43:18.160162 7f90fb7aeac0                Options.disable_auto_compactions: 0
2020/08/16-14:43:18.160169 7f90fb7aeac0                        Options.compaction_style: kCompactionStyleLevel
2020/08/16-14:43:18.160175 7f90fb7aeac0                          Options.compaction_pri: kMinOverlappingRatio
2020/08/16-14:43:18.160180 7f90fb7aeac0 Options.compaction_options_universal.size_ratio: 1
2020/08/16-14:43:18.160184 7f90fb7aeac0 Options.compaction_options_universal.min_merge_width: 2
2020/08/16-14:43:18.160189 7f90fb7aeac0 Options.compaction_options_universal.max_merge_width: 4294967295
2020/08/16-14:43:18.160193 7f90fb7aeac0 Options.compaction_options_universal.max_size_amplification_percent: 200
2020/08/16-14:43:18.160198 7f90fb7aeac0 Options.compaction_options_universal.compression_size_percent: -1
2020/08/16-14:43:18.160204 7f90fb7aeac0 Options.compaction_options_universal.stop_style: kCompactionStopStyleTotalSize
2020/08/16-14:43:18.160209 7f90fb7aeac0 Options.compaction_options_fifo.max_table_files_size: 1073741824
2020/08/16-14:43:18.160213 7f90fb7aeac0 Options.compaction_options_fifo.allow_compaction: 0
2020/08/16-14:43:18.160218 7f90fb7aeac0                   Options.table_properties_collectors: 
2020/08/16-14:43:18.160222 7f90fb7aeac0                   Options.inplace_update_support: 0
2020/08/16-14:43:18.160227 7f90fb7aeac0                 Options.inplace_update_num_locks: 10000
2020/08/16-14:43:18.160231 7f90fb7aeac0               Options.memtable_prefix_bloom_size_ratio: 0.000000
2020/08/16-14:43:18.160237 7f90fb7aeac0               Options.memtable_whole_key_filtering: 0
2020/08/16-14:43:18.160242 7f90fb7aeac0   Options.memtable_huge_page_size: 0
2020/08/16-14:43:18.160247 7f90fb7aeac0                           Options.bloom_locality: 0
2020/08/16-14:43:18.160251 7f90fb7aeac0                    Options.max_successive_merges: 0
2020/08/16-14:43:18.160255 7f90fb7aeac0                Options.optimize_filters_for_hits: 0
2020/08/16-14:43:18.160260 7f90fb7aeac0                Options.paranoid_file_checks: 0
2020/08/16-14:43:18.160264 7f90fb7aeac0                Options.force_consistency_checks: 0
2020/08/16-14:43:18.160268 7f90fb7aeac0                Options.report_bg_io_stats: 0
2020/08/16-14:43:18.160295 7f90fb7aeac0                               Options.ttl: 2592000
2020/08/16-14:43:18.160301 7f90fb7aeac0          Options.periodic_compaction_seconds: 0
2020/08/16-14:43:18.160574 7f90fb7aeac0 [/db_impl/db_impl.cc:2382] Created column family [main] (ID 11)
2020/08/16-14:43:18.227504 7f90fb7aeac0 [/column_family.cc:579] --------------- Options for column family [other]:
2020/08/16-14:43:18.227515 7f90fb7aeac0               Options.comparator: leveldb.BytewiseComparator
2020/08/16-14:43:18.227516 7f90fb7aeac0           Options.merge_operator: None
2020/08/16-14:43:18.227518 7f90fb7aeac0        Options.compaction_filter: None
2020/08/16-14:43:18.227519 7f90fb7aeac0        Options.compaction_filter_factory: None
2020/08/16-14:43:18.227520 7f90fb7aeac0         Options.memtable_factory: SkipListFactory
2020/08/16-14:43:18.227521 7f90fb7aeac0            Options.table_factory: BlockBasedTable
2020/08/16-14:43:18.227546 7f90fb7aeac0            table_factory options:   flush_block_policy_factory: FlushBlockBySizePolicyFactory (0x5631eca09a60)
  cache_index_and_filter_blocks: 0
  cache_index_and_filter_blocks_with_high_priority: 1
  pin_l0_filter_and_index_blocks_in_cache: 0
  pin_top_level_index_and_filter: 1
  index_type: 0
  data_block_index_type: 0
  index_shortening: 1
  data_block_hash_table_util_ratio: 0.750000
  hash_index_allow_collision: 1
  checksum: 1
  no_block_cache: 0
  block_cache: 0x5631eca09de0
  block_cache_name: LRUCache
  block_cache_options:
    capacity : 8388608
    num_shard_bits : 4
    strict_capacity_limit : 0
    memory_allocator : None
    high_pri_pool_ratio: 0.000
  block_cache_compressed: (nil)
  persistent_cache: (nil)
  block_size: 4096
  block_size_deviation: 10
  block_restart_interval: 16
  index_block_restart_interval: 1
  metadata_block_size: 4096
  partition_filters: 0
  use_delta_encoding: 1
  filter_policy: nullptr
  whole_key_filtering: 1
  verify_compression: 0
  read_amp_bytes_per_bit: 0
  format_version: 4
  enable_index_compression: 1
  block_align: 0
2020/08/16-14:43:18.227550 7f90fb7aeac0        Options.write_buffer_size: 67108864
2020/08/16-14:43:18.227551 7f90fb7aeac0  Options.max_write_buffer_number: 2
2020/08/16-14:43:18.227552 7f90fb7aeac0          Options.compression: Snappy
2020/08/16-14:43:18.227553 7f90fb7aeac0                  Options.bottommost_compression: Disabled
2020/08/16-14:43:18.227555 7f90fb7aeac0       Options.prefix_extractor: nullptr
2020/08/16-14:43:18.227556 7f90fb7aeac0   Options.memtable_insert_with_hint_prefix_extractor: nullptr
2020/08/16-14:43:18.227557 7f90fb7aeac0             Options.num_levels: 7
2020/08/16-14:43:18.227558 7f90fb7aeac0        Options.min_write_buffer_number_to_merge: 1
2020/08/16-14:43:18.227559 7f90fb7aeac0     Options.max_write_buffer_number_to_maintain: 0
2020/08/16-14:43:18.227560 7f90fb7aeac0     Options.max_write_buffer_size_to_maintain: 0
2020/08/16-14:43:18.227561 7f90fb7aeac0            Options.bottommost_compression_opts.window_bits: -14
2020/08/16-14:43:18.227562 7f90fb7aeac0                  Options.bottommost_compression_opts.level: 32767
2020/08/16-14:43:18.227563 7f90fb7aeac0               Options.bottommost_compression_opts.strategy: 0
2020/08/16-14:43:18.227564 7f90fb7aeac0         Options.bottommost_compression_opts.max_dict_bytes: 0
2020/08/16-14:43:18.227565 7f90fb7aeac0         Options.bottommost_compression_opts.zstd_max_train_bytes: 0
2020/08/16-14:43:18.227566 7f90fb7aeac0         Options.bottommost_compression_opts.parallel_threads: 1
2020/08/16-14:43:18.227567 7f90fb7aeac0                  Options.bottommost_compression_opts.enabled: false
2020/08/16-14:43:18.227568 7f90fb7aeac0            Options.compression_opts.window_bits: -14
2020/08/16-14:43:18.227569 7f90fb7aeac0                  Options.compression_opts.level: 32767
2020/08/16-14:43:18.227570 7f90fb7aeac0               Options.compression_opts.strategy: 0
2020/08/16-14:43:18.227571 7f90fb7aeac0         Options.compression_opts.max_dict_bytes: 0
2020/08/16-14:43:18.227572 7f90fb7aeac0         Options.compression_opts.zstd_max_train_bytes: 0
2020/08/16-14:43:18.227572 7f90fb7aeac0         Options.compression_opts.parallel_threads: 1
2020/08/16-14:43:18.227573 7f90fb7aeac0                  Options.compression_opts.enabled: false
2020/08/16-14:43:18.227574 7f90fb7aeac0      Options.level0_file_num_compaction_trigger: 4
2020/08/16-14:43:18.227589 7f90fb7aeac0          Options.level0_slowdown_writes_trigger: 20
2020/08/16-14:43:18.227590 7f90fb7aeac0              Options.level0_stop_writes_trigger: 36
2020/08/16-14:43:18.227591 7f90fb7aeac0                   Options.target_file_size_base: 67108864
2020/08/16-14:43:18.227592 7f90fb7aeac0             Options.target_file_size_multiplier: 1
2020/08/16-14:43:18.227593 7f90fb7aeac0                Options.max_bytes_for_level_base: 268435456
2020/08/16-14:43:18.227594 7f90fb7aeac0 Options.level_compaction_dynamic_level_bytes: 0
2020/08/16-14:43:18.227595 7f90fb7aeac0          Options.max_bytes_for_level_multiplier: 10.000000
2020/08/16-14:43:18.227597 7f90fb7aeac0 Options.max_bytes_for_level_multiplier_addtl[0]: 1
2020/08/16-14:43:18.227599 7f90fb7aeac0 Options.max_bytes_for_level_multiplier_addtl[1]: 1
2020/08/16-14:43:18.227600 7f90fb7aeac0 Options.max_bytes_for_level_multiplier_addtl[2]: 1
2020/08/16-14:43:18.227601 7f90fb7aeac0 Options.max_bytes_for_level_multiplier_addtl[3]: 1
2020/08/16-14:43:18.227602 7f90fb7aeac0 Options.max_bytes_for_level_multiplier_addtl[4]: 1
2020/08/16-14:43:18.227603 7f90fb7aeac0 Options.max_bytes_for_level_multiplier_addtl[5]: 1
2020/08/16-14:43:18.227604 7f90fb7aeac0 Options.max_bytes_for_level_multiplier_addtl[6]: 1
2020/08/16-14:43:18.227605 7f90fb7aeac0       Options.max_sequential_skip_in_iterations: 8
2020/08/16-14:43:18.227606 7f90fb7aeac0                    Options.max_compaction_bytes: 1677721600
2020/08/16-14:43:18.227607 7f90fb7aeac0                        Options.arena_block_size: 8388608
2020/08/16-14:43:18.227608 7f90fb7aeac0   Options.soft_pending_compaction_bytes_limit: 68719476736
2020/08/16-14:43:18.227609 7f90fb7aeac0   Options.hard_pending_compaction_bytes_limit: 274877906944
2020/08/16-14:43:18.227610 7f90fb7aeac0       Options.rate_limit_delay_max_milliseconds: 100
2020/08/16-14:43:18.227611 7f90fb7aeac0                Options.disable_auto_compactions: 0
2020/08/16-14:43:18.227612 7f90fb7aeac0                        Options.compaction_style: kCompactionStyleLevel
2020/08/16-14:43:18.227614 7f90fb7aeac0                          Options.compaction_pri: kMinOverlappingRatio
2020/08/16-14:43:18.227615 7f90fb7aeac0 Options.compaction_options_universal.size_ratio: 1
2020/08/16-14:43:18.227616 7f90fb7aeac0 Options.compaction_options_universal.min_merge_width: 2
2020/08/16-14:43:18.227617 7f90fb7aeac0 Options.compaction_options_universal.max_merge_width: 4294967295
2020/08/16-14:43:18.227618 7f90fb7aeac0 Options.compaction_options_universal.max_size_amplification_percent: 200
2020/08/16-14:43:18.227619 7f90fb7aeac0 Options.compaction_options_universal.compression_size_percent: -1
2020/08/16-14:43:18.227620 7f90fb7aeac0 Options.compaction_options_universal.stop_style: kCompactionStopStyleTotalSize
2020/08/16-14:43:18.227622 7f90fb7aeac0 Options.compaction_options_fifo.max_table_files_size: 1073741824
2020/08/16-14:43:18.227623 7f90fb7aeac0 Options.compaction_options_fifo.allow_compaction: 0
2020/08/16-14:43:18.227624 7f90fb7aeac0                   Options.table_properties_collectors: 
2020/08/16-14:43:18.227625 7f90fb7aeac0                   Options.inplace_update_support: 0
2020/08/16-14:43:18.227626 7f90fb7aeac0                 Options.inplace_update_num_locks: 10000
2020/08/16-14:43:18.227627 7f90fb7aeac0               Options.memtable_prefix_bloom_size_ratio: 0.000000
2020/08/16-14:43:18.227628 7f90fb7aeac0               Options.memtable_whole_key_filtering: 0
2020/08/16-14:43:18.227629 7f90fb7aeac0   Options.memtable_huge_page_size: 0
2020/08/16-14:43:18.227630 7f90fb7aeac0                           Options.bloom_locality: 0
2020/08/16-14:43:18.227631 7f90fb7aeac0                    Options.max_successive_merges: 0
2020/08/16-14:43:18.227632 7f90fb7aeac0                Options.optimize_filters_for_hits: 0
2020/08/16-14:43:18.227633 7f90fb7aeac0                Options.paranoid_file_checks: 0
2020/08/16-14:43:18.227634 7f90fb7aeac0                Options.force_consistency_checks: 0
2020/08/16-14:43:18.227635 7f90fb7aeac0                Options.report_bg_io_stats: 0
2020/08/16-14:43:18.227641 7f90fb7aeac0                               Options.ttl: 2592000
2020/08/16-14:43:18.227642 7f90fb7aeac0          Options.periodic_compaction_seconds: 0
2020/08/16-14:43:18.227681 7f90fb7aeac0 [/db_impl/db_impl.cc:2382] Created column family [other] (ID 12)
