2020/08/16-14:38:32.658513 7fdf03945ac0 RocksDB version: 6.9.0
2020/08/16-14:38:32.658691 7fdf03945ac0 Git sha rocksdb_build_git_sha:d9cad3a5269dd244cf5e60fd1d6d64c523d02043
2020/08/16-14:38:32.658699 7fdf03945ac0 Compile date Apr 14 2020
2020/08/16-14:38:32.658706 7fdf03945ac0 DB SUMMARY
2020/08/16-14:38:32.658845 7fdf03945ac0 CURRENT file:  CURRENT
2020/08/16-14:38:32.658867 7fdf03945ac0 IDENTITY file:  IDENTITY
2020/08/16-14:38:32.658877 7fdf03945ac0 MANIFEST file:  MANIFEST-000017 size: 119 Bytes
2020/08/16-14:38:32.658884 7fdf03945ac0 SST files in ../UserInform dir, Total Num: 1, files: 000010.sst 
2020/08/16-14:38:32.658888 7fdf03945ac0 Write Ahead Log file in ../UserInform: 000018.log size: 0 ; 
2020/08/16-14:38:32.658895 7fdf03945ac0                         Options.error_if_exists: 0
2020/08/16-14:38:32.658899 7fdf03945ac0                       Options.create_if_missing: 1
2020/08/16-14:38:32.658902 7fdf03945ac0                         Options.paranoid_checks: 1
2020/08/16-14:38:32.658905 7fdf03945ac0                                     Options.env: 0x7fdf0351d540
2020/08/16-14:38:32.658908 7fdf03945ac0                                      Options.fs: Posix File System
2020/08/16-14:38:32.658912 7fdf03945ac0                                Options.info_log: 0x55644885f460
2020/08/16-14:38:32.658915 7fdf03945ac0                Options.max_file_opening_threads: 16
2020/08/16-14:38:32.658918 7fdf03945ac0                              Options.statistics: (nil)
2020/08/16-14:38:32.658922 7fdf03945ac0                               Options.use_fsync: 0
2020/08/16-14:38:32.658925 7fdf03945ac0                       Options.max_log_file_size: 0
2020/08/16-14:38:32.658928 7fdf03945ac0                  Options.max_manifest_file_size: 1073741824
2020/08/16-14:38:32.658931 7fdf03945ac0                   Options.log_file_time_to_roll: 0
2020/08/16-14:38:32.658934 7fdf03945ac0                       Options.keep_log_file_num: 1000
2020/08/16-14:38:32.658937 7fdf03945ac0                    Options.recycle_log_file_num: 0
2020/08/16-14:38:32.658940 7fdf03945ac0                         Options.allow_fallocate: 1
2020/08/16-14:38:32.658943 7fdf03945ac0                        Options.allow_mmap_reads: 0
2020/08/16-14:38:32.658946 7fdf03945ac0                       Options.allow_mmap_writes: 0
2020/08/16-14:38:32.658949 7fdf03945ac0                        Options.use_direct_reads: 0
2020/08/16-14:38:32.658952 7fdf03945ac0                        Options.use_direct_io_for_flush_and_compaction: 0
2020/08/16-14:38:32.658955 7fdf03945ac0          Options.create_missing_column_families: 0
2020/08/16-14:38:32.658958 7fdf03945ac0                              Options.db_log_dir: 
2020/08/16-14:38:32.658961 7fdf03945ac0                                 Options.wal_dir: ../UserInform
2020/08/16-14:38:32.658964 7fdf03945ac0                Options.table_cache_numshardbits: 6
2020/08/16-14:38:32.658967 7fdf03945ac0                      Options.max_subcompactions: 1
2020/08/16-14:38:32.658970 7fdf03945ac0                  Options.max_background_flushes: -1
2020/08/16-14:38:32.658973 7fdf03945ac0                         Options.WAL_ttl_seconds: 0
2020/08/16-14:38:32.658976 7fdf03945ac0                       Options.WAL_size_limit_MB: 0
2020/08/16-14:38:32.658979 7fdf03945ac0                        Options.max_write_batch_group_size_bytes: 1048576
2020/08/16-14:38:32.658982 7fdf03945ac0             Options.manifest_preallocation_size: 4194304
2020/08/16-14:38:32.658985 7fdf03945ac0                     Options.is_fd_close_on_exec: 1
2020/08/16-14:38:32.658988 7fdf03945ac0                   Options.advise_random_on_open: 1
2020/08/16-14:38:32.658991 7fdf03945ac0                    Options.db_write_buffer_size: 0
2020/08/16-14:38:32.658994 7fdf03945ac0                    Options.write_buffer_manager: 0x55644885f110
2020/08/16-14:38:32.658997 7fdf03945ac0         Options.access_hint_on_compaction_start: 1
2020/08/16-14:38:32.658999 7fdf03945ac0  Options.new_table_reader_for_compaction_inputs: 0
2020/08/16-14:38:32.659002 7fdf03945ac0           Options.random_access_max_buffer_size: 1048576
2020/08/16-14:38:32.659005 7fdf03945ac0                      Options.use_adaptive_mutex: 0
2020/08/16-14:38:32.659033 7fdf03945ac0                            Options.rate_limiter: (nil)
2020/08/16-14:38:32.659039 7fdf03945ac0     Options.sst_file_manager.rate_bytes_per_sec: 0
2020/08/16-14:38:32.659042 7fdf03945ac0                       Options.wal_recovery_mode: 2
2020/08/16-14:38:32.659045 7fdf03945ac0                  Options.enable_thread_tracking: 0
2020/08/16-14:38:32.659048 7fdf03945ac0                  Options.enable_pipelined_write: 0
2020/08/16-14:38:32.659051 7fdf03945ac0                  Options.unordered_write: 0
2020/08/16-14:38:32.659054 7fdf03945ac0         Options.allow_concurrent_memtable_write: 1
2020/08/16-14:38:32.659057 7fdf03945ac0      Options.enable_write_thread_adaptive_yield: 1
2020/08/16-14:38:32.659060 7fdf03945ac0             Options.write_thread_max_yield_usec: 100
2020/08/16-14:38:32.659063 7fdf03945ac0            Options.write_thread_slow_yield_usec: 3
2020/08/16-14:38:32.659066 7fdf03945ac0                               Options.row_cache: None
2020/08/16-14:38:32.659069 7fdf03945ac0                              Options.wal_filter: None
2020/08/16-14:38:32.659072 7fdf03945ac0             Options.avoid_flush_during_recovery: 0
2020/08/16-14:38:32.659075 7fdf03945ac0             Options.allow_ingest_behind: 0
2020/08/16-14:38:32.659078 7fdf03945ac0             Options.preserve_deletes: 0
2020/08/16-14:38:32.659081 7fdf03945ac0             Options.two_write_queues: 0
2020/08/16-14:38:32.659083 7fdf03945ac0             Options.manual_wal_flush: 0
2020/08/16-14:38:32.659086 7fdf03945ac0             Options.atomic_flush: 0
2020/08/16-14:38:32.659089 7fdf03945ac0             Options.avoid_unnecessary_blocking_io: 0
2020/08/16-14:38:32.659092 7fdf03945ac0                 Options.persist_stats_to_disk: 0
2020/08/16-14:38:32.659095 7fdf03945ac0                 Options.write_dbid_to_manifest: 0
2020/08/16-14:38:32.659097 7fdf03945ac0                 Options.log_readahead_size: 0
2020/08/16-14:38:32.659101 7fdf03945ac0                 Options.file_checksum_gen_factory: Unknown
2020/08/16-14:38:32.659104 7fdf03945ac0                 Options.best_efforts_recovery: 0
2020/08/16-14:38:32.659108 7fdf03945ac0             Options.max_background_jobs: 16
2020/08/16-14:38:32.659111 7fdf03945ac0             Options.max_background_compactions: -1
2020/08/16-14:38:32.659114 7fdf03945ac0             Options.avoid_flush_during_shutdown: 0
2020/08/16-14:38:32.659117 7fdf03945ac0           Options.writable_file_max_buffer_size: 1048576
2020/08/16-14:38:32.659120 7fdf03945ac0             Options.delayed_write_rate : 16777216
2020/08/16-14:38:32.659123 7fdf03945ac0             Options.max_total_wal_size: 0
2020/08/16-14:38:32.659126 7fdf03945ac0             Options.delete_obsolete_files_period_micros: 21600000000
2020/08/16-14:38:32.659129 7fdf03945ac0                   Options.stats_dump_period_sec: 600
2020/08/16-14:38:32.659132 7fdf03945ac0                 Options.stats_persist_period_sec: 600
2020/08/16-14:38:32.659135 7fdf03945ac0                 Options.stats_history_buffer_size: 1048576
2020/08/16-14:38:32.659138 7fdf03945ac0                          Options.max_open_files: -1
2020/08/16-14:38:32.659141 7fdf03945ac0                          Options.bytes_per_sync: 0
2020/08/16-14:38:32.659144 7fdf03945ac0                      Options.wal_bytes_per_sync: 0
2020/08/16-14:38:32.659147 7fdf03945ac0                   Options.strict_bytes_per_sync: 0
2020/08/16-14:38:32.659150 7fdf03945ac0       Options.compaction_readahead_size: 0
2020/08/16-14:38:32.659153 7fdf03945ac0 Compression algorithms supported:
2020/08/16-14:38:32.659156 7fdf03945ac0 	kZSTDNotFinalCompression supported: 0
2020/08/16-14:38:32.659160 7fdf03945ac0 	kZSTD supported: 0
2020/08/16-14:38:32.659163 7fdf03945ac0 	kXpressCompression supported: 0
2020/08/16-14:38:32.659167 7fdf03945ac0 	kLZ4HCCompression supported: 0
2020/08/16-14:38:32.659170 7fdf03945ac0 	kLZ4Compression supported: 0
2020/08/16-14:38:32.659173 7fdf03945ac0 	kBZip2Compression supported: 1
2020/08/16-14:38:32.659176 7fdf03945ac0 	kZlibCompression supported: 1
2020/08/16-14:38:32.659193 7fdf03945ac0 	kSnappyCompression supported: 1
2020/08/16-14:38:32.659205 7fdf03945ac0 Fast CRC32 supported: Supported on x86
2020/08/16-14:38:32.672923 7fdf03945ac0 [/version_set.cc:4456] Recovering from manifest file: ../UserInform/MANIFEST-000017
2020/08/16-14:38:32.673674 7fdf03945ac0 [/column_family.cc:579] --------------- Options for column family [default]:
2020/08/16-14:38:32.673692 7fdf03945ac0               Options.comparator: leveldb.BytewiseComparator
2020/08/16-14:38:32.673696 7fdf03945ac0           Options.merge_operator: None
2020/08/16-14:38:32.673699 7fdf03945ac0        Options.compaction_filter: None
2020/08/16-14:38:32.673702 7fdf03945ac0        Options.compaction_filter_factory: None
2020/08/16-14:38:32.673705 7fdf03945ac0         Options.memtable_factory: SkipListFactory
2020/08/16-14:38:32.673708 7fdf03945ac0            Options.table_factory: BlockBasedTable
2020/08/16-14:38:32.673781 7fdf03945ac0            table_factory options:   flush_block_policy_factory: FlushBlockBySizePolicyFactory (0x556448875020)
  cache_index_and_filter_blocks: 0
  cache_index_and_filter_blocks_with_high_priority: 1
  pin_l0_filter_and_index_blocks_in_cache: 0
  pin_top_level_index_and_filter: 1
  index_type: 0
  data_block_index_type: 0
  index_shortening: 1
  data_block_hash_table_util_ratio: 0.750000
  hash_index_allow_collision: 1
  checksum: 1
  no_block_cache: 0
  block_cache: 0x55644885fdb0
  block_cache_name: LRUCache
  block_cache_options:
    capacity : 8388608
    num_shard_bits : 4
    strict_capacity_limit : 0
    memory_allocator : None
    high_pri_pool_ratio: 0.000
  block_cache_compressed: (nil)
  persistent_cache: (nil)
  block_size: 4096
  block_size_deviation: 10
  block_restart_interval: 16
  index_block_restart_interval: 1
  metadata_block_size: 4096
  partition_filters: 0
  use_delta_encoding: 1
  filter_policy: nullptr
  whole_key_filtering: 1
  verify_compression: 0
  read_amp_bytes_per_bit: 0
  format_version: 4
  enable_index_compression: 1
  block_align: 0
2020/08/16-14:38:32.673809 7fdf03945ac0        Options.write_buffer_size: 134217728
2020/08/16-14:38:32.673813 7fdf03945ac0  Options.max_write_buffer_number: 6
2020/08/16-14:38:32.673816 7fdf03945ac0        Options.compression[0]: NoCompression
2020/08/16-14:38:32.673820 7fdf03945ac0        Options.compression[1]: NoCompression
2020/08/16-14:38:32.673823 7fdf03945ac0        Options.compression[2]: Snappy
2020/08/16-14:38:32.673826 7fdf03945ac0        Options.compression[3]: Snappy
2020/08/16-14:38:32.673828 7fdf03945ac0        Options.compression[4]: Snappy
2020/08/16-14:38:32.673831 7fdf03945ac0        Options.compression[5]: Snappy
2020/08/16-14:38:32.673833 7fdf03945ac0        Options.compression[6]: Snappy
2020/08/16-14:38:32.673836 7fdf03945ac0                  Options.bottommost_compression: Disabled
2020/08/16-14:38:32.673839 7fdf03945ac0       Options.prefix_extractor: nullptr
2020/08/16-14:38:32.673842 7fdf03945ac0   Options.memtable_insert_with_hint_prefix_extractor: nullptr
2020/08/16-14:38:32.673844 7fdf03945ac0             Options.num_levels: 7
2020/08/16-14:38:32.673847 7fdf03945ac0        Options.min_write_buffer_number_to_merge: 2
2020/08/16-14:38:32.673850 7fdf03945ac0     Options.max_write_buffer_number_to_maintain: 0
2020/08/16-14:38:32.673853 7fdf03945ac0     Options.max_write_buffer_size_to_maintain: 0
2020/08/16-14:38:32.673855 7fdf03945ac0            Options.bottommost_compression_opts.window_bits: -14
2020/08/16-14:38:32.673858 7fdf03945ac0                  Options.bottommost_compression_opts.level: 32767
2020/08/16-14:38:32.673861 7fdf03945ac0               Options.bottommost_compression_opts.strategy: 0
2020/08/16-14:38:32.673864 7fdf03945ac0         Options.bottommost_compression_opts.max_dict_bytes: 0
2020/08/16-14:38:32.673866 7fdf03945ac0         Options.bottommost_compression_opts.zstd_max_train_bytes: 0
2020/08/16-14:38:32.673869 7fdf03945ac0         Options.bottommost_compression_opts.parallel_threads: 1
2020/08/16-14:38:32.673872 7fdf03945ac0                  Options.bottommost_compression_opts.enabled: false
2020/08/16-14:38:32.673927 7fdf03945ac0            Options.compression_opts.window_bits: -14
2020/08/16-14:38:32.673931 7fdf03945ac0                  Options.compression_opts.level: 32767
2020/08/16-14:38:32.673934 7fdf03945ac0               Options.compression_opts.strategy: 0
2020/08/16-14:38:32.673953 7fdf03945ac0         Options.compression_opts.max_dict_bytes: 0
2020/08/16-14:38:32.673958 7fdf03945ac0         Options.compression_opts.zstd_max_train_bytes: 0
2020/08/16-14:38:32.673961 7fdf03945ac0         Options.compression_opts.parallel_threads: 1
2020/08/16-14:38:32.673964 7fdf03945ac0                  Options.compression_opts.enabled: false
2020/08/16-14:38:32.673967 7fdf03945ac0      Options.level0_file_num_compaction_trigger: 2
2020/08/16-14:38:32.673970 7fdf03945ac0          Options.level0_slowdown_writes_trigger: 20
2020/08/16-14:38:32.673973 7fdf03945ac0              Options.level0_stop_writes_trigger: 36
2020/08/16-14:38:32.673977 7fdf03945ac0                   Options.target_file_size_base: 67108864
2020/08/16-14:38:32.673980 7fdf03945ac0             Options.target_file_size_multiplier: 1
2020/08/16-14:38:32.673984 7fdf03945ac0                Options.max_bytes_for_level_base: 536870912
2020/08/16-14:38:32.673987 7fdf03945ac0 Options.level_compaction_dynamic_level_bytes: 0
2020/08/16-14:38:32.673990 7fdf03945ac0          Options.max_bytes_for_level_multiplier: 10.000000
2020/08/16-14:38:32.673997 7fdf03945ac0 Options.max_bytes_for_level_multiplier_addtl[0]: 1
2020/08/16-14:38:32.674001 7fdf03945ac0 Options.max_bytes_for_level_multiplier_addtl[1]: 1
2020/08/16-14:38:32.674005 7fdf03945ac0 Options.max_bytes_for_level_multiplier_addtl[2]: 1
2020/08/16-14:38:32.674008 7fdf03945ac0 Options.max_bytes_for_level_multiplier_addtl[3]: 1
2020/08/16-14:38:32.674011 7fdf03945ac0 Options.max_bytes_for_level_multiplier_addtl[4]: 1
2020/08/16-14:38:32.674015 7fdf03945ac0 Options.max_bytes_for_level_multiplier_addtl[5]: 1
2020/08/16-14:38:32.674018 7fdf03945ac0 Options.max_bytes_for_level_multiplier_addtl[6]: 1
2020/08/16-14:38:32.674022 7fdf03945ac0       Options.max_sequential_skip_in_iterations: 8
2020/08/16-14:38:32.674025 7fdf03945ac0                    Options.max_compaction_bytes: 1677721600
2020/08/16-14:38:32.674029 7fdf03945ac0                        Options.arena_block_size: 16777216
2020/08/16-14:38:32.674033 7fdf03945ac0   Options.soft_pending_compaction_bytes_limit: 68719476736
2020/08/16-14:38:32.674036 7fdf03945ac0   Options.hard_pending_compaction_bytes_limit: 274877906944
2020/08/16-14:38:32.674039 7fdf03945ac0       Options.rate_limit_delay_max_milliseconds: 100
2020/08/16-14:38:32.674043 7fdf03945ac0                Options.disable_auto_compactions: 0
2020/08/16-14:38:32.674050 7fdf03945ac0                        Options.compaction_style: kCompactionStyleLevel
2020/08/16-14:38:32.674055 7fdf03945ac0                          Options.compaction_pri: kMinOverlappingRatio
2020/08/16-14:38:32.674060 7fdf03945ac0 Options.compaction_options_universal.size_ratio: 1
2020/08/16-14:38:32.674063 7fdf03945ac0 Options.compaction_options_universal.min_merge_width: 2
2020/08/16-14:38:32.674067 7fdf03945ac0 Options.compaction_options_universal.max_merge_width: 4294967295
2020/08/16-14:38:32.674071 7fdf03945ac0 Options.compaction_options_universal.max_size_amplification_percent: 200
2020/08/16-14:38:32.674075 7fdf03945ac0 Options.compaction_options_universal.compression_size_percent: -1
2020/08/16-14:38:32.674082 7fdf03945ac0 Options.compaction_options_universal.stop_style: kCompactionStopStyleTotalSize
2020/08/16-14:38:32.674087 7fdf03945ac0 Options.compaction_options_fifo.max_table_files_size: 1073741824
2020/08/16-14:38:32.674090 7fdf03945ac0 Options.compaction_options_fifo.allow_compaction: 0
2020/08/16-14:38:32.674094 7fdf03945ac0                   Options.table_properties_collectors: 
2020/08/16-14:38:32.674099 7fdf03945ac0                   Options.inplace_update_support: 0
2020/08/16-14:38:32.674102 7fdf03945ac0                 Options.inplace_update_num_locks: 10000
2020/08/16-14:38:32.674133 7fdf03945ac0               Options.memtable_prefix_bloom_size_ratio: 0.000000
2020/08/16-14:38:32.674140 7fdf03945ac0               Options.memtable_whole_key_filtering: 0
2020/08/16-14:38:32.674145 7fdf03945ac0   Options.memtable_huge_page_size: 0
2020/08/16-14:38:32.674149 7fdf03945ac0                           Options.bloom_locality: 0
2020/08/16-14:38:32.674153 7fdf03945ac0                    Options.max_successive_merges: 0
2020/08/16-14:38:32.674157 7fdf03945ac0                Options.optimize_filters_for_hits: 0
2020/08/16-14:38:32.674161 7fdf03945ac0                Options.paranoid_file_checks: 0
2020/08/16-14:38:32.674166 7fdf03945ac0                Options.force_consistency_checks: 0
2020/08/16-14:38:32.674169 7fdf03945ac0                Options.report_bg_io_stats: 0
2020/08/16-14:38:32.674172 7fdf03945ac0                               Options.ttl: 2592000
2020/08/16-14:38:32.674176 7fdf03945ac0          Options.periodic_compaction_seconds: 0
2020/08/16-14:38:32.725765 7fdf03945ac0 [/version_set.cc:4609] Recovered from manifest file:../UserInform/MANIFEST-000017 succeeded,manifest_file_number is 17, next_file_number is 19, last_sequence is 10000, log_number is 16,prev_log_number is 0,max_column_family is 0,min_log_number_to_keep is 0
2020/08/16-14:38:32.725797 7fdf03945ac0 [/version_set.cc:4618] Column family [default] (ID 0), log number is 16
2020/08/16-14:38:32.734521 7fdf03945ac0 EVENT_LOG_v1 {"time_micros": 1597559912734502, "job": 1, "event": "recovery_started", "log_files": [18]}
2020/08/16-14:38:32.734546 7fdf03945ac0 [/db_impl/db_impl_open.cc:771] Recovering log #18 mode 2
2020/08/16-14:38:32.734659 7fdf03945ac0 [/version_set.cc:3861] Creating manifest 20
2020/08/16-14:38:32.893235 7fdf03945ac0 EVENT_LOG_v1 {"time_micros": 1597559912893223, "job": 1, "event": "recovery_finished"}
2020/08/16-14:38:32.951414 7fdf03945ac0 DB pointer 0x5564488c5ba0
2020/08/16-14:38:32.952117 7fde88ff9700 [/db_impl/db_impl.cc:854] ------- DUMPING STATS -------
2020/08/16-14:38:32.952237 7fde88ff9700 [/db_impl/db_impl.cc:855] 
** DB Stats **
Uptime(secs): 0.3 total, 0.3 interval
Cumulative writes: 0 writes, 0 keys, 0 commit groups, 0.0 writes per commit group, ingest: 0.00 GB, 0.00 MB/s
Cumulative WAL: 0 writes, 0 syncs, 0.00 writes per sync, written: 0.00 GB, 0.00 MB/s
Cumulative stall: 00:00:0.000 H:M:S, 0.0 percent
Interval writes: 0 writes, 0 keys, 0 commit groups, 0.0 writes per commit group, ingest: 0.00 MB, 0.00 MB/s
Interval WAL: 0 writes, 0 syncs, 0.00 writes per sync, written: 0.00 MB, 0.00 MB/s
Interval stall: 00:00:0.000 H:M:S, 0.0 percent

** Compaction Stats [default] **
Level    Files   Size     Score Read(GB)  Rn(GB) Rnp1(GB) Write(GB) Wnew(GB) Moved(GB) W-Amp Rd(MB/s) Wr(MB/s) Comp(sec) CompMergeCPU(sec) Comp(cnt) Avg(sec) KeyIn KeyDrop
----------------------------------------------------------------------------------------------------------------------------------------------------------------------------
  L0      1/0   384.06 KB   0.5      0.0     0.0      0.0       0.0      0.0       0.0   0.0      0.0      0.0      0.00              0.00         0    0.000       0      0
 Sum      1/0   384.06 KB   0.0      0.0     0.0      0.0       0.0      0.0       0.0   0.0      0.0      0.0      0.00              0.00         0    0.000       0      0
 Int      0/0    0.00 KB   0.0      0.0     0.0      0.0       0.0      0.0       0.0   0.0      0.0      0.0      0.00              0.00         0    0.000       0      0

** Compaction Stats [default] **
Priority    Files   Size     Score Read(GB)  Rn(GB) Rnp1(GB) Write(GB) Wnew(GB) Moved(GB) W-Amp Rd(MB/s) Wr(MB/s) Comp(sec) CompMergeCPU(sec) Comp(cnt) Avg(sec) KeyIn KeyDrop
-------------------------------------------------------------------------------------------------------------------------------------------------------------------------------
Uptime(secs): 0.3 total, 0.3 interval
Flush(GB): cumulative 0.000, interval 0.000
AddFile(GB): cumulative 0.000, interval 0.000
AddFile(Total Files): cumulative 0, interval 0
AddFile(L0 Files): cumulative 0, interval 0
AddFile(Keys): cumulative 0, interval 0
Cumulative compaction: 0.00 GB write, 0.00 MB/s write, 0.00 GB read, 0.00 MB/s read, 0.0 seconds
Interval compaction: 0.00 GB write, 0.00 MB/s write, 0.00 GB read, 0.00 MB/s read, 0.0 seconds
Stalls(count): 0 level0_slowdown, 0 level0_slowdown_with_compaction, 0 level0_numfiles, 0 level0_numfiles_with_compaction, 0 stop for pending_compaction_bytes, 0 slowdown for pending_compaction_bytes, 0 memtable_compaction, 0 memtable_slowdown, interval 0 total count

** File Read Latency Histogram By Level [default] **

** Compaction Stats [default] **
Level    Files   Size     Score Read(GB)  Rn(GB) Rnp1(GB) Write(GB) Wnew(GB) Moved(GB) W-Amp Rd(MB/s) Wr(MB/s) Comp(sec) CompMergeCPU(sec) Comp(cnt) Avg(sec) KeyIn KeyDrop
----------------------------------------------------------------------------------------------------------------------------------------------------------------------------
  L0      1/0   384.06 KB   0.5      0.0     0.0      0.0       0.0      0.0       0.0   0.0      0.0      0.0      0.00              0.00         0    0.000       0      0
 Sum      1/0   384.06 KB   0.0      0.0     0.0      0.0       0.0      0.0       0.0   0.0      0.0      0.0      0.00              0.00         0    0.000       0      0
 Int      0/0    0.00 KB   0.0      0.0     0.0      0.0       0.0      0.0       0.0   0.0      0.0      0.0      0.00              0.00         0    0.000       0      0

** Compaction Stats [default] **
Priority    Files   Size     Score Read(GB)  Rn(GB) Rnp1(GB) Write(GB) Wnew(GB) Moved(GB) W-Amp Rd(MB/s) Wr(MB/s) Comp(sec) CompMergeCPU(sec) Comp(cnt) Avg(sec) KeyIn KeyDrop
-------------------------------------------------------------------------------------------------------------------------------------------------------------------------------
Uptime(secs): 0.3 total, 0.0 interval
Flush(GB): cumulative 0.000, interval 0.000
AddFile(GB): cumulative 0.000, interval 0.000
AddFile(Total Files): cumulative 0, interval 0
AddFile(L0 Files): cumulative 0, interval 0
AddFile(Keys): cumulative 0, interval 0
Cumulative compaction: 0.00 GB write, 0.00 MB/s write, 0.00 GB read, 0.00 MB/s read, 0.0 seconds
Interval compaction: 0.00 GB write, 0.00 MB/s write, 0.00 GB read, 0.00 MB/s read, 0.0 seconds
Stalls(count): 0 level0_slowdown, 0 level0_slowdown_with_compaction, 0 level0_numfiles, 0 level0_numfiles_with_compaction, 0 stop for pending_compaction_bytes, 0 slowdown for pending_compaction_bytes, 0 memtable_compaction, 0 memtable_slowdown, interval 0 total count

** File Read Latency Histogram By Level [default] **
2020/08/16-14:38:39.876401 7fdf03945ac0 [/db_impl/db_impl.cc:401] Shutdown: canceling all background work
2020/08/16-14:38:39.876764 7fdf03945ac0 [/db_impl/db_impl.cc:577] Shutdown complete
